00000000
10100000
00000010
00010011
00000000
00010000
00000000
10010011
00000000
01000000
00000001
00110011
00000000
01000000
00100000
10100011
00000000
00100000
00100110
01100111
01000000
00010001
00000001
00110011
11111111
11011111
11110011
01101111
00000000
00000001
01110010
10110011
00000000
00100010
00100011
01100111
00000000
00010001
00000001
00110011
11111111
11011111
11110011
01101111
00000000
01000001
01000010
10110011
00000000
00010000
00100010
10000011
00000000
01000010
11110010
10110011
00000000
01000010
11100010
10110011
00000000
00000000
00000010
11100111
00000000
00000000
00000010
11100111
00000000
00000000
00000010
11100111
00000000
00000000
00000010
11100111
00000000
00000000
00000010
11100111
00000000
00000000
00000010
11100111
00000000
00000000
00000010
11100111
00000000
00000000
00000010
11100111
00000000
00000000
00000010
11100111
00000000
00000000
00000010
11100111
00000000
00000000
00000010
11100111
00000000
00000000
00000010
11100111
00000000
00000000
00000010
11100111
00000000
00000000
00000010
11100111
00000000
00000000
00000010
11100111
00000000
00000000
00000010
11100111
00000000
00000000
00000010
11100111
00000000
00000000
00000010
11100111
00000000
00000000
00000010
11100111
00000000
00000000
00000010
11100111
00000000
00000000
00000010
11100111
00000000
00000000
00000010
11100111
00000000
00000000
00000010
11100111
00000000
00000000
00000010
11100111
00000000
00000000
00000010
11100111
00000000
00000000
00000010
11100111
00000000
00000000
00000010
11100111
00000000
00000000
00000010
11100111
00000000
00000000
00000010
11100111
00000000
00000000
00000010
11100111
00000000
00000000
00000010
11100111
00000000
00000000
00000010
11100111
00000000
00000000
00000010
11100111
00000000
00000000
00000010
11100111
00000000
00000000
00000010
11100111
00000000
00000000
00000010
11100111
00000000
00000000
00000010
11100111
00000000
00000000
00000010
11100111
00000000
00000000
00000010
11100111
00000000
00000000
00000010
11100111
00000000
00000000
00000010
11100111
00000000
00000000
00000010
11100111
00000000
00000000
00000010
11100111
00000000
00000000
00000010
11100111
00000000
00000000
00000010
11100111
00000000
00000000
00000010
11100111
00000000
00000000
00000010
11100111
00000000
00000000
00000010
11100111
00000000
00000000
00000010
11100111
00000000
00000000
00000010
11100111
00000000
00000000
00000010
11100111
00000000
00000000
00000010
11100111
00000000
00000000
00000010
11100111
00000000
00000000
00000010
11100111
00000000
00000000
00000010
11100111
00000000
00000000
00000010
11100111
00000000
00000000
00000010
11100111
00000000
00000000
00000010
11100111
00000000
00000000
00000010
11100111
00000000
00000000
00000010
11100111
00000000
00000000
00000010
11100111
00000000
00000000
00000010
11100111
00000000
00000000
00000010
11100111
00000000
00000000
00000010
11100111
00000000
00000000
00000010
11100111
00000000
00000000
00000010
11100111
00000000
00000000
00000010
11100111
00000000
00000000
00000010
11100111
00000000
00000000
00000010
11100111
00000000
00000000
00000010
11100111
00000000
00000000
00000010
11100111
00000000
00000000
00000010
11100111
00000000
00000000
00000010
11100111
00000000
00000000
00000010
11100111
00000000
00000000
00000010
11100111
00000000
00000000
00000010
11100111
00000000
00000000
00000010
11100111
00000000
00000000
00000010
11100111
00000000
00000000
00000010
11100111
00000000
00000000
00000010
11100111
00000000
00000000
00000010
11100111
00000000
00000000
00000010
11100111
00000000
00000000
00000010
11100111
00000000
00000000
00000010
11100111
00000000
00000000
00000010
11100111
00000000
00000000
00000010
11100111
00000000
00000000
00000010
11100111
00000000
00000000
00000010
11100111
00000000
00000000
00000010
11100111
00000000
00000000
00000010
11100111
00000000
00000000
00000010
11100111
00000000
00000000
00000010
11100111
00000000
00000000
00000010
11100111
00000000
00000000
00000010
11100111
00000000
00000000
00000010
11100111
00000000
00000000
00000010
11100111
00000000
00000000
00000010
11100111
00000000
00000000
00000010
11100111
00000000
00000000
00000010
11100111
00000000
00000000
00000010
11100111
00000000
00000000
00000010
11100111
00000000
00000000
00000010
11100111
00000000
00000000
00000010
11100111
00000000
00000000
00000010
11100111
00000000
00000000
00000010
11100111
00000000
00000000
00000010
11100111
00000000
00000000
00000010
11100111
00000000
00000000
00000010
11100111
00000000
00000000
00000010
11100111
00000000
00000000
00000010
11100111
00000000
00000000
00000010
11100111
00000000
00000000
00000010
11100111
00000000
00000000
00000010
11100111
00000000
00000000
00000010
11100111
00000000
00000000
00000010
11100111
00000000
00000000
00000010
11100111
00000000
00000000
00000010
11100111
00000000
00000000
00000010
11100111
00000000
00000000
00000010
11100111
00000000
00000000
00000010
11100111
00000000
00000000
00000010
11100111
00000000
00000000
00000010
11100111
00000000
00000000
00000010
11100111
00000000
00000000
00000010
11100111
00000000
00000000
00000010
11100111
00000000
00000000
00000010
11100111
00000000
00000000
00000010
11100111
00000000
00000000
00000010
11100111
00000000
00000000
00000010
11100111
00000000
00000000
00000010
11100111
00000000
00000000
00000010
11100111
00000000
00000000
00000010
11100111
00000000
00000000
00000010
11100111
00000000
00000000
00000010
11100111
00000000
00000000
00000010
11100111
00000000
00000000
00000010
11100111
00000000
00000000
00000010
11100111
00000000
00000000
00000010
11100111
00000000
00000000
00000010
11100111
00000000
00000000
00000010
11100111
00000000
00000000
00000010
11100111
00000000
00000000
00000010
11100111
00000000
00000000
00000010
11100111
00000000
00000000
00000010
11100111
00000000
00000000
00000010
11100111
00000000
00000000
00000010
11100111
00000000
00000000
00000010
11100111
00000000
00000000
00000010
11100111
00000000
00000000
00000010
11100111
00000000
00000000
00000010
11100111
00000000
00000000
00000010
11100111
00000000
00000000
00000010
11100111
00000000
00000000
00000010
11100111
00000000
00000000
00000010
11100111
00000000
00000000
00000010
11100111
00000000
00000000
00000010
11100111
00000000
00000000
00000010
11100111
00000000
00000000
00000010
11100111
00000000
00000000
00000010
11100111
00000000
00000000
00000010
11100111
00000000
00000000
00000010
11100111
00000000
00000000
00000010
11100111
00000000
00000000
00000010
11100111
00000000
00000000
00000010
11100111
00000000
00000000
00000010
11100111
00000000
00000000
00000010
11100111
00000000
00000000
00000010
11100111
00000000
00000000
00000010
11100111
00000000
00000000
00000010
11100111
00000000
00000000
00000010
11100111
00000000
00000000
00000010
11100111
00000000
00000000
00000010
11100111
00000000
00000000
00000010
11100111
00000000
00000000
00000010
11100111
00000000
00000000
00000010
11100111
00000000
00000000
00000010
11100111
00000000
00000000
00000010
11100111
00000000
00000000
00000010
11100111
00000000
00000000
00000010
11100111
00000000
00000000
00000010
11100111
00000000
00000000
00000010
11100111
00000000
00000000
00000010
11100111
00000000
00000000
00000010
11100111
00000000
00000000
00000010
11100111
00000000
00000000
00000010
11100111
00000000
00000000
00000010
11100111
00000000
00000000
00000010
11100111
00000000
00000000
00000010
11100111
00000000
00000000
00000010
11100111
00000000
00000000
00000010
11100111
00000000
00000000
00000010
11100111
00000000
00000000
00000010
11100111
00000000
00000000
00000010
11100111
00000000
00000000
00000010
11100111
00000000
00000000
00000010
11100111
00000000
00000000
00000010
11100111
00000000
00000000
00000010
11100111
00000000
00000000
00000010
11100111
00000000
00000000
00000010
11100111
00000000
00000000
00000010
11100111
00000000
00000000
00000010
11100111
00000000
00000000
00000010
11100111
00000000
00000000
00000010
11100111
00000000
00000000
00000010
11100111
00000000
00000000
00000010
11100111
00000000
00000000
00000010
11100111
00000000
00000000
00000010
11100111
00000000
00000000
00000010
11100111
00000000
00000000
00000010
11100111
00000000
00000000
00000010
11100111
00000000
00000000
00000010
11100111
00000000
00000000
00000010
11100111
00000000
00000000
00000010
11100111
00000000
00000000
00000010
11100111
00000000
00000000
00000010
11100111
00000000
00000000
00000010
11100111
00000000
00000000
00000010
11100111
00000000
00000000
00000010
11100111
00000000
00000000
00000010
11100111
00000000
00000000
00000010
11100111
00000000
00000000
00000010
11100111
00000000
00000000
00000010
11100111
00000000
00000000
00000010
11100111
00000000
00000000
00000010
11100111
00000000
00000000
00000010
11100111
00000000
00000000
00000010
11100111
00000000
00000000
00000010
11100111
00000000
00000000
00000010
11100111
00000000
00000000
00000010
11100111
00000000
00000000
00000010
11100111
00000000
00000000
00000010
11100111
00000000
00000000
00000010
11100111
00000000
00000000
00000010
11100111
00000000
00000000
00000010
11100111
00000000
00000000
00000010
11100111
00000000
00000000
00000010
11100111
00000000
00000000
00000010
11100111
00000000
00000000
00000010
11100111
00000000
00000000
00000010
11100111
00000000
00000000
00000010
11100111
00000000
00000000
00000010
11100111